22.986039
22.444344
22.758897
22.736245
22.747479
22.730397
22.807216
22.725438
22.726138
22.732457
 
11.717172
11.682369
11.707544
11.688101
11.691780
11.719868
11.744159
11.717032
11.667951
11.709159
 
6.302461
6.251046
6.258106
6.311495
6.271138
6.288093
6.382095
6.289499
6.263259
6.329456
 
3.269824
3.236652
3.492388
3.225034
3.329655
3.311474
3.230772
3.372569
3.317360
3.477897
 
1.804663
1.808877
1.804212
1.808171
1.803797
1.808336
1.803581
1.807566
1.821289
1.804139
 
1.736212
1.733660
1.719721
1.732839
1.721191
1.681975
1.714612
1.717178
1.719825
1.713420
 
1.467338
1.465502
1.460905
1.463431
1.484470
1.457972
1.450574
1.460302
1.464364
1.453470
 
1.276706
1.274699
1.274189
1.275335
1.274459
1.272713
1.272229
1.275217
1.274037
1.268254
 
1.122597
1.113345
1.123875
1.114508
1.128542
1.112833
1.109308
1.116006
1.113244
1.124318
 
