22.818361
22.739119
22.752739
22.715526
22.769300
22.722321
22.271777
22.592327
22.734997
22.749329
 
11.752708
11.691486
11.778052
11.696647
11.704173
11.714902
11.755653
11.751648
11.703235
11.753277
 
6.318802
6.325296
6.299106
6.231829
6.361212
6.291792
6.269077
6.300663
6.257469
6.332214
 
3.269565
3.292224
3.293819
3.270160
3.261651
3.189908
3.235595
3.336808
3.252995
3.230142
 
1.808601
1.811036
1.821940
1.801333
1.803292
1.811989
1.804325
1.813414
1.810296
1.805772
 
1.625907
1.730825
1.733086
1.728246
1.731371
1.710186
1.738406
1.732918
1.720075
1.727669
 
1.471722
1.458474
1.469058
1.473988
1.469645
1.469767
1.470501
1.462352
1.464852
1.455718
 
1.274257
1.265429
1.267043
1.279247
1.277888
1.264167
1.269268
1.273656
1.275616
1.267464
 
1.110024
1.111966
1.114316
1.111860
1.111475
1.111543
1.114487
1.110563
1.112987
1.120822
 
