22.671453
22.662706
22.705119
22.660379
22.652877
22.727704
22.658390
22.654297
22.710610
22.641640
 
11.680245
11.716112
11.650464
11.655683
11.764615
11.698458
11.686203
11.731843
11.713344
11.706885
 
6.259550
6.215640
6.274099
6.233409
6.373227
6.228481
6.263535
6.245563
6.296477
6.321964
 
3.280588
3.222584
3.343211
3.308030
3.897891
3.213120
3.323720
3.278505
3.272284
3.832349
 
1.799529
1.799259
1.795098
1.802238
1.806553
1.806023
1.854241
1.803878
1.797050
1.802796
 
1.705671
1.580444
1.734941
1.691472
1.729800
1.687535
1.710441
1.699349
1.722612
1.713265
 
1.471601
1.458857
1.468292
1.470701
1.466605
1.458793
1.477687
1.468235
1.479803
1.482065
 
1.290536
1.283106
1.283013
1.278492
1.288536
1.280554
1.279695
1.286019
1.270835
1.283994
 
1.112770
1.172478
1.113948
1.122310
1.112740
1.177526
1.127175
1.168768
1.121811
1.124866
 
