22.083495
22.658073
22.728036
22.649338
22.662309
22.692357
22.699003
22.680309
22.666005
22.653977
 
11.705845
11.693868
11.754610
11.666093
11.713374
11.685210
13.539389
11.739610
11.695081
11.747066
 
6.216508
6.272376
6.305533
6.286941
6.295682
6.122616
6.290660
6.291474
6.256795
6.246831
 
3.315399
3.286189
3.259916
3.349359
3.300848
3.252230
3.228264
3.309264
3.191499
3.234898
 
1.813697
1.795526
1.816749
1.816590
1.815526
1.813087
1.813240
1.809597
1.808339
1.809186
 
1.712567
1.739435
1.714590
1.732561
1.735999
1.733659
1.746463
1.690535
1.709120
1.684683
 
1.468791
1.463771
1.469004
1.450171
1.481703
1.477287
1.474065
1.469072
1.473874
1.476237
 
1.281167
1.282420
1.273504
1.326961
1.279079
1.288958
1.284418
1.277698
1.276365
1.273861
 
1.121224
1.167830
1.124746
1.126860
1.123526
1.122408
1.124321
1.130899
1.121441
1.119111
 
